68159.56375689994
119078.35537947543
229961.97624613112
433924.7374176688
705590.0374634534
1018015.1687687533
1353801.730555914
1704849.0346309324
2063741.3524566102
81752.12437116721
145931.62745669408
250183.20755484718
450096.3719426072
719741.8702920001
1029241.4839024283
1357528.8692276757
1701451.6425218955
2046628.7188426228
99671.67884870266
183314.59247113558
297470.8704856181
487653.03303518833
730893.2575774987
1010918.2847497207
1300080.5444179592
1618954.0546634754
1935466.483704781
82536.01209081386
147775.94722896867
259525.72695404442
432979.43952246616
663481.2368077161
929520.2817570011
1236867.9604674857
1568952.2701773
1913995.7906581347
112196.80057549261
238289.28614450048
449734.7602891461
715604.5661220703
1027467.3368355031
1371615.9734026855
1730148.0911880212
2097208.104485293
2564268.117782565
72781.04330944893
127359.08764707652
242298.00797660562
418151.15207752516
646243.6976573078
919992.6266698667
1231406.5593870026
1563398.652116467
1916057.8601149276
67475.02420139853
131945.95536649507
235462.6394932884
421803.78924142686
651439.3737660755
924954.0926524363
1236287.0211235068
1571785.1994212156
1918330.5608240862
70000
82961.34011409775
150718.20130732158
267256.36434520566
469351.9385634867
712113.4294269636
1001490.4785207398
1334975.9162123927
1679496.62469525
2031670.2003200203
77001.7268590105
135804.04935347452
258680.5030306126
446390.7227391093
687277.4581735302
964215.2486103417
1269332.4790432574
1580125.3522801446
1893014.2932437365
111445.57361183752
218123.75357715786
392963.9326413868
623473.8983059161
889770.4492622791
1185852.1633145786
1495247.957580775
1812735.1527973174
2229840.1589050298
90383.71354653253
163275.09860089974
288459.2041315373
486753.145933063
730037.9714331776
1034040.7123554461
1371415.536317277
1713623.2768215146
2058440.4099922595
83430.67976946139
176614.68977595845
392561.09756452136
679216.5609673335
1007151.8743783669
1346495.738833386
1687239.2710564653
2029638.353428118
2472037.43579977
75681.13318012588
150348.07701177863
268243.8163245976
459148.9690785438
715244.2546064279
1016251.4542215657
1326915.4251574809
1645981.989264899
1968140.0429922228
93692.954961613
163951.57133657188
281312.0292850204
475524.12757330993
694187.8012438375
956065.24350424
1252453.013563326
1552730.2509888234
1855113.65712665
82742.87490231442
164898.9764317368
337587.7042639182
574339.5568246908
838829.2362119312
1126710.333082527
1434835.7847538576
1756342.9177699003
2086144.073963466
79188.60681775952
147927.21524411807
262588.50836292363
481174.6802363384
747682.3745514797
1042684.1965398432
1342583.5758877266
1666089.0749499507
1996464.9455827703
103813.8656235261
212386.93553814595
406855.201707887
673572.1220492325
977062.5913188783
1306716.0701194284
1665080.273234645
2031794.474423028
2498508.675611411
125385.90748044645
274741.1452199663
529556.4015628791
828113.5640878454
1146251.1780214442
1479427.617952617
1831875.0178437089
2184173.5258501167
2635953.142878396
74521.39332871427
128123.85439235892
240400.65798554785
455931.3847384497
736234.7691140028
1055433.658943672
1390032.251800698
1734698.9949945007
2082859.1746457987
69389.22714291443
125205.91010406966
261102.91566824412
447170.51440126705
671899.222239517
916596.5517429708
1186749.4457483492
1433382.103963253
1684414.2801446728
69750.1848350942
108109.41303091796
187171.1434743352
331590.76385996514
523346.6635435937
744373.5403867287
1002336.348408208
1269447.0248468483
1538150.7593876966
83829.48856515303
160299.2869059659
309437.31767471845
519174.2131354052
781260.4734986114
1080072.1774975313
1409468.0135474612
1755213.6031514383
2200745.5296396585
75869.48413119701
144244.68822943824
250408.95453016902
452781.8635190142
738062.9099118016
1054962.4782851874
1388601.783095911
1729308.2104289627
2074845.9048412219
120086.29005632977
247086.92024174496
439406.37557878625
683974.4682857883
984977.4001473095
1305223.5004819992
1641939.3950034329
1990896.2574796001
2439853.1199557674
93853.80836415174
179178.62737152746
355525.63153794187
590202.726457299
881918.7146676548
1202574.0103120173
1542114.5777427969
1887905.570345071
2241363.8558224062
94703.54057969002
177069.9422007039
339368.67135979095
585186.6667964598
885560.2154868173
1209463.6671838474
1555412.5435872353
1911006.7116431089
2273579.338538641
86982.45125105162
171629.14791799296
336334.0320127806
565429.0340807429
855976.8359847032
1177861.124559694
1520512.058925773
1874509.8851474172
2235533.6424145983
75499.64933187525
154720.6966845122
282164.3700878361
475446.76233337517
715356.2777583769
999115.0050436058
1318623.1726823964
1652184.1682240255
1992830.8605286595
79283.48585947437
138847.0546625717
259365.0276880386
451642.4098370498
691130.1982276919
969078.7705896145
1271269.9632291538
1601916.0583840092
2032517.174663245
99297.88915103063
190965.38905842145
339648.89117753494
554543.5367071094
818427.8810424272
1111484.515354596
1427528.5171832875
1751759.073818577
2084258.2906639231
60852.26225530618
89626.11673187578
153186.11173016974
210946.15044545569
277991.8192986349
383254.5851447963
492631.82776108966
681174.0780658388
780241.877390202
69434.6970162243
109928.30510773594
175567.5453968083
256374.66701136803
353740.92549999896
467018.9732742866
567658.3320211486
663298.0947501333
838452.281830015
50723.22275298982
93407.9005008585
150012.64299026475
182466.8722131101
238123.04954597342
306992.4695461302
383658.11840812676
472364.0386100672
562238.927360605
82143.40762375784
117736.11108722951
159738.32968538487
232928.36147743207
337615.4682260994
449496.2135935412
553560.4690272005
654262.2227882365
746483.2332101511
39800.46279777137
70028.87412677555
75845.2970647548
106424.54341331555
103345.07101643679
129028.15000399711
192640.7959335699
261599.21347823588
337666.387705127
79707.65679107077
144611.494028984
252257.82600450556
402263.84444561653
552248.1967683577
689623.6225706006
813859.4771478234
934768.6835588962
1056911.8117802988
81848.80886029376
119844.15029533813
157354.55513180996
256196.91297222767
374962.7698075905
496158.79779401305
612789.2484161251
733442.5879044253
851566.8667673079
68545.52160294529
128573.0152695917
216079.22659295663
302264.024307189
411063.01991917734
510174.10660576564
616678.9558202849
818325.3112465255
914960.8441699682
72553.33678435044
103207.03578281007
166480.99430554872
283272.01267021534
414688.0074692543
560788.6563476503
723285.7711948929
870656.0014207505
1022179.9546781883
80952.22101527959
157242.51051073766
238301.2955371919
329201.22203853267
442220.32598977885
555434.057274548
667632.8731105414
773966.6296342515
882649.4137089351
78861.4099008412
133531.16164075345
193549.72449799714
323710.61054916575
483156.2424122093
630911.4911036218
767129.8083609395
889508.4747817649
1011378.6277466491
69552.05263387659
129705.79810239217
208289.03766510123
351133.9274841349
487589.6221609111
604927.8002841338
715422.2122647611
818682.8823742238
919688.7435366185
57320.518163097324
90359.3969372469
150582.99229263887
197515.58635565639
291293.71469250356
380872.11046834383
482509.7777317427
597605.3914605767
708893.844828177
71348.81757731314
104572.36486707907
151758.6402364325
214686.7367519855
309225.84945741796
432497.66716922773
545954.1780283188
662063.3060801124
787634.1697208178
89954.17420990922
117871.00289352279
143874.43608466777
225149.26896542404
324081.75061255303
440408.00245581544
567734.9717242398
690596.0707412974
806341.9115816569
48954.218195343
86496.67257168278
135688.29954623658
166630.88527909806
258893.53440926294
364922.89313985733
477847.25469320687
581344.416923362
681759.9799329288
76428.59179005267
117732.27068091894
190476.29452390538
310146.3428762074
478250.09999927646
629171.3948557624
