2
4
6
7
8
10
11
12
13
2
4
5
7
8
10
12
14
16
2
4
6
8
10
12
14
15
17
1
4
5
6
8
11
12
13
15
3
5
6
7
8
9
10
11
11
3
5
7
8
10
12
13
14
16
2
4
6
9
12
14
16
18
20
0
2
3
5
6
9
11
13
15
16
2
4
6
8
10
13
15
17
19
2
4
5
7
10
12
15
18
19
2
4
7
10
11
13
15
17
19
2
4
5
7
8
9
11
13
13
1
3
5
7
9
12
14
15
17
1
4
7
10
12
15
17
20
23
1
3
6
8
10
11
12
14
16
2
5
8
10
12
14
17
18
21
2
4
6
7
8
10
12
13
13
3
5
7
9
10
13
14
16
17
2
5
7
8
10
13
15
17
18
2
4
6
8
11
14
16
18
20
2
3
6
9
12
14
17
20
23
2
5
6
8
9
12
13
14
15
2
4
6
9
10
12
13
14
16
3
5
6
7
9
10
11
12
12
1
3
5
7
8
10
11
14
16
3
4
5
7
9
12
13
14
15
2
4
5
6
7
8
9
10
11
2
3
5
6
7
8
10
11
14
3
6
7
9
10
11
14
15
16
3
5
8
10
12
13
15
16
18
2
4
6
8
10
12
14
15
17
2
4
6
8
10
12
14
16
17
2
4
6
8
10
12
14
16
18
2
4
6
8
10
12
14
16
18
2
4
6
8
10
12
14
16
18
2
4
6
8
10
12
14
16
18
2
4
6
8
10
12
14
16
18
2
4
6
8
10
12
14
15
17
2
4
6
8
10
12
14
16
18
2
4
6
8
10
12
14
16
18
2
4
6
8
10
12
14
16
18
2
4
6
8
10
12
14
16
18
2
4
6
8
10
12
14
16
18
2
4
6
8
10
12
14
16
18
2
4
6
8
10
12
14
16
18
2
4
6
8
10
12
14
16
18
2
4
6
8
10
12
